              precision    recall  f1-score   support

           0       0.00      0.00      0.00       2.0
           1       0.00      0.00      0.00       1.0
           3       0.00      0.00      0.00       0.0
           4       0.00      0.00      0.00       1.0
           5       0.00      0.00      0.00       1.0
           7       0.00      0.00      0.00       1.0
          32       0.00      0.00      0.00       0.0
          33       0.00      0.00      0.00       1.0
          46       0.00      0.00      0.00       0.0
          54       0.00      0.00      0.00       1.0
          60       0.00      0.00      0.00       1.0
          65       0.00      0.00      0.00       0.0
          76       0.00      0.00      0.00       0.0
          93       0.00      0.00      0.00       0.0
         100       0.00      0.00      0.00       0.0
         102       0.00      0.00      0.00       1.0
         109       0.00      0.00      0.00       1.0
         124       0.00      0.00      0.00       1.0
         130       0.00      0.00      0.00       1.0
         133       0.00      0.00      0.00       1.0
         139       0.00      0.00      0.00       0.0
         147       0.00      0.00      0.00       1.0
         149       0.00      0.00      0.00       0.0
         156       0.00      0.00      0.00       1.0
         167       0.00      0.00      0.00       1.0
         186       0.00      0.00      0.00       0.0
         209       0.00      0.00      0.00       1.0
         210       0.00      0.00      0.00       1.0
         224       0.00      0.00      0.00       1.0
         228       0.00      0.00      0.00       1.0
         232       0.00      0.00      0.00       1.0
         247       0.00      0.00      0.00       0.0
         253       0.00      0.00      0.00       1.0
         261       0.00      0.00      0.00       0.0
         281       0.00      0.00      0.00       1.0
         282       0.00      0.00      0.00       1.0
         293       0.00      0.00      0.00       0.0
         320       0.00      0.00      0.00       0.0
         321       0.00      0.00      0.00       1.0
         333       0.00      0.00      0.00       1.0
         344       0.00      0.00      0.00       1.0
         359       0.00      0.00      0.00       0.0
         373       0.00      0.00      0.00       0.0
         378       0.00      0.00      0.00       1.0
         394       0.00      0.00      0.00       1.0
         396       0.00      0.00      0.00       0.0
         429       0.00      0.00      0.00       0.0
         431       0.00      0.00      0.00       1.0
         436       0.00      0.00      0.00       1.0
         437       0.00      0.00      0.00       1.0
         442       0.00      0.00      0.00       1.0
         449       0.00      0.00      0.00       0.0
         455       0.00      0.00      0.00       0.0
         456       0.00      0.00      0.00       0.0
         462       0.00      0.00      0.00       1.0
         475       0.00      0.00      0.00       0.0
         489       0.00      0.00      0.00       0.0
         490       0.00      0.00      0.00       1.0
         507       0.00      0.00      0.00       1.0
         508       0.00      0.00      0.00       0.0
         510       0.00      0.00      0.00       0.0
         541       0.00      0.00      0.00       1.0
         561       0.00      0.00      0.00       0.0
         570       0.00      0.00      0.00       0.0
         580       0.00      0.00      0.00       0.0
         645       0.00      0.00      0.00       1.0
         690       0.00      0.00      0.00       1.0
         742       0.00      0.00      0.00       0.0
         768       0.00      0.00      0.00       0.0
         783       0.00      0.00      0.00       1.0
         797       0.00      0.00      0.00       1.0
         804       0.00      0.00      0.00       1.0
         813       0.00      0.00      0.00       2.0
         868       0.00      0.00      0.00       1.0
         869       0.00      0.00      0.00       1.0
         917       0.00      0.00      0.00       1.0
         933       0.00      0.00      0.00       1.0
         936       0.00      0.00      0.00       1.0
         941       0.00      0.00      0.00       0.0
         973       0.00      0.00      0.00       1.0
        1176       0.00      0.00      0.00       1.0
        1194       0.00      0.00      0.00       1.0
        1219       0.00      0.00      0.00       1.0
        1293       0.00      0.00      0.00       0.0
        1307       0.00      0.00      0.00       0.0
        1317       0.00      0.00      0.00       0.0
        1341       0.00      0.00      0.00       0.0
        1344       0.00      0.00      0.00       0.0
        1378       0.00      0.00      0.00       1.0
        1421       0.00      0.00      0.00       0.0
        1427       0.00      0.00      0.00       0.0
        1495       0.00      0.00      0.00       1.0
        1519       0.00      0.00      0.00       0.0
        1559       0.00      0.00      0.00       0.0
        1596       0.00      0.00      0.00       0.0
        1661       0.00      0.00      0.00       1.0
        1675       0.00      0.00      0.00       0.0
        1690       0.00      0.00      0.00       0.0
        1704       0.00      0.00      0.00       1.0
        1713       0.00      0.00      0.00       1.0
        1804       0.00      0.00      0.00       0.0
        1805       0.00      0.00      0.00       0.0
        1844       0.00      0.00      0.00       1.0
        1882       0.00      0.00      0.00       1.0
        1920       0.00      0.00      0.00       1.0
        1988       0.00      0.00      0.00       0.0
        2012       0.00      0.00      0.00       0.0
        2042       0.00      0.00      0.00       0.0
        2043       0.00      0.00      0.00       1.0
        2082       0.00      0.00      0.00       1.0
        2173       0.00      0.00      0.00       0.0
        2222       0.00      0.00      0.00       0.0
        2256       0.00      0.00      0.00       1.0
        2280       0.00      0.00      0.00       0.0
        2338       0.00      0.00      0.00       1.0
        2496       0.00      0.00      0.00       0.0
        2497       0.00      0.00      0.00       1.0
        2552       0.00      0.00      0.00       1.0
        2633       0.00      0.00      0.00       0.0
        2719       0.00      0.00      0.00       0.0
        2777       0.00      0.00      0.00       0.0
        2811       0.00      0.00      0.00       1.0
        2884       0.00      0.00      0.00       0.0
        2993       0.00      0.00      0.00       1.0
        3002       0.00      0.00      0.00       0.0
        3004       0.00      0.00      0.00       1.0
        3015       0.00      0.00      0.00       1.0
        3109       0.00      0.00      0.00       0.0
        3279       0.00      0.00      0.00       1.0
        3380       0.00      0.00      0.00       0.0
        3547       0.00      0.00      0.00       1.0
        3565       0.00      0.00      0.00       1.0
        3595       0.00      0.00      0.00       1.0
        3657       0.00      0.00      0.00       1.0
        3658       0.00      0.00      0.00       1.0
        3675       0.00      0.00      0.00       0.0
        3843       0.00      0.00      0.00       1.0
        3982       0.00      0.00      0.00       1.0
        4011       0.00      0.00      0.00       1.0
        4043       0.00      0.00      0.00       0.0
        4108       0.00      0.00      0.00       1.0
        4116       0.00      0.00      0.00       0.0
        4604       0.00      0.00      0.00       1.0
        4714       0.00      0.00      0.00       1.0
        4887       0.00      0.00      0.00       0.0
        5482       0.00      0.00      0.00       0.0
        5993       0.00      0.00      0.00       1.0
        6503       0.00      0.00      0.00       1.0
        6606       0.00      0.00      0.00       0.0
        6663       0.00      0.00      0.00       0.0
        6934       0.00      0.00      0.00       1.0
        7674       0.00      0.00      0.00       0.0
        8803       0.00      0.00      0.00       1.0
        9510       0.00      0.00      0.00       1.0
       10071       0.00      0.00      0.00       0.0
       11459       0.00      0.00      0.00       1.0
       12162       0.00      0.00      0.00       0.0
       14494       0.00      0.00      0.00       1.0
       15503       0.00      0.00      0.00       1.0
       15828       0.00      0.00      0.00       1.0
       18931       0.00      0.00      0.00       1.0
       23182       0.00      0.00      0.00       0.0
       24582       0.00      0.00      0.00       1.0
       27804       0.00      0.00      0.00       1.0
       27865       0.00      0.00      0.00       0.0
       35724       0.00      0.00      0.00       0.0
       43559       0.00      0.00      0.00       1.0

    accuracy                           0.00      97.0
   macro avg       0.00      0.00      0.00      97.0
weighted avg       0.00      0.00      0.00      97.0
