=== Random Forest ===
              precision    recall  f1-score   support

           0       0.00      0.00      0.00       2.0
           1       0.00      0.00      0.00       1.0
           3       0.00      0.00      0.00       0.0
           4       0.00      0.00      0.00       1.0
           5       0.00      0.00      0.00       1.0
           7       0.00      0.00      0.00       1.0
          13       0.00      0.00      0.00       0.0
          32       0.00      0.00      0.00       0.0
          33       0.00      0.00      0.00       1.0
          46       0.00      0.00      0.00       0.0
          54       0.00      0.00      0.00       1.0
          60       0.00      0.00      0.00       1.0
          65       0.00      0.00      0.00       0.0
          76       0.00      0.00      0.00       0.0
          93       0.00      0.00      0.00       0.0
         100       0.00      0.00      0.00       0.0
         102       0.00      0.00      0.00       1.0
         109       0.00      0.00      0.00       1.0
         124       0.00      0.00      0.00       1.0
         130       0.00      0.00      0.00       1.0
         133       0.00      0.00      0.00       1.0
         139       0.00      0.00      0.00       0.0
         147       0.00      0.00      0.00       1.0
         149       0.00      0.00      0.00       0.0
         152       0.00      0.00      0.00       0.0
         156       0.00      0.00      0.00       1.0
         167       0.00      0.00      0.00       1.0
         181       0.00      0.00      0.00       0.0
         186       0.00      0.00      0.00       0.0
         209       0.00      0.00      0.00       1.0
         210       0.00      0.00      0.00       1.0
         224       0.00      0.00      0.00       1.0
         228       0.00      0.00      0.00       1.0
         232       0.00      0.00      0.00       1.0
         247       0.00      0.00      0.00       0.0
         253       0.00      0.00      0.00       1.0
         261       0.00      0.00      0.00       0.0
         276       0.00      0.00      0.00       0.0
         281       0.00      0.00      0.00       1.0
         282       0.00      0.00      0.00       1.0
         293       0.00      0.00      0.00       0.0
         306       0.00      0.00      0.00       0.0
         320       0.00      0.00      0.00       0.0
         321       0.00      0.00      0.00       1.0
         333       0.00      0.00      0.00       1.0
         344       0.00      0.00      0.00       1.0
         359       0.00      0.00      0.00       0.0
         373       0.00      0.00      0.00       0.0
         376       0.00      0.00      0.00       0.0
         378       0.00      0.00      0.00       1.0
         394       0.00      0.00      0.00       1.0
         396       0.00      0.00      0.00       0.0
         407       0.00      0.00      0.00       0.0
         429       0.00      0.00      0.00       0.0
         431       0.00      0.00      0.00       1.0
         436       0.00      0.00      0.00       1.0
         437       0.00      0.00      0.00       1.0
         442       0.00      0.00      0.00       1.0
         449       0.00      0.00      0.00       0.0
         451       0.00      0.00      0.00       0.0
         455       0.00      0.00      0.00       0.0
         456       0.00      0.00      0.00       0.0
         462       0.00      0.00      0.00       1.0
         466       0.00      0.00      0.00       0.0
         475       0.00      0.00      0.00       0.0
         489       0.00      0.00      0.00       0.0
         490       0.00      0.00      0.00       1.0
         507       0.00      0.00      0.00       1.0
         508       0.00      0.00      0.00       0.0
         510       0.00      0.00      0.00       0.0
         521       0.00      0.00      0.00       0.0
         541       0.00      0.00      0.00       1.0
         561       0.00      0.00      0.00       0.0
         570       0.00      0.00      0.00       0.0
         580       0.00      0.00      0.00       0.0
         598       0.00      0.00      0.00       0.0
         603       0.00      0.00      0.00       0.0
         645       0.00      0.00      0.00       1.0
         690       0.00      0.00      0.00       1.0
         742       0.00      0.00      0.00       0.0
         768       0.00      0.00      0.00       0.0
         783       0.00      0.00      0.00       1.0
         797       0.00      0.00      0.00       1.0
         804       0.00      0.00      0.00       1.0
         813       0.00      0.00      0.00       2.0
         868       0.00      0.00      0.00       1.0
         869       0.00      0.00      0.00       1.0
         880       0.00      0.00      0.00       0.0
         917       0.00      0.00      0.00       1.0
         933       0.00      0.00      0.00       1.0
         936       0.00      0.00      0.00       1.0
         941       0.00      0.00      0.00       0.0
         973       0.00      0.00      0.00       1.0
         997       0.00      0.00      0.00       0.0
        1091       0.00      0.00      0.00       0.0
        1176       0.00      0.00      0.00       1.0
        1185       0.00      0.00      0.00       0.0
        1194       0.00      0.00      0.00       1.0
        1219       0.00      0.00      0.00       1.0
        1241       0.00      0.00      0.00       0.0
        1273       0.00      0.00      0.00       0.0
        1293       0.00      0.00      0.00       0.0
        1307       0.00      0.00      0.00       0.0
        1317       0.00      0.00      0.00       0.0
        1333       0.00      0.00      0.00       0.0
        1341       0.00      0.00      0.00       0.0
        1344       0.00      0.00      0.00       0.0
        1378       0.00      0.00      0.00       1.0
        1413       0.00      0.00      0.00       0.0
        1421       0.00      0.00      0.00       0.0
        1427       0.00      0.00      0.00       0.0
        1495       0.00      0.00      0.00       1.0
        1507       0.00      0.00      0.00       0.0
        1519       0.00      0.00      0.00       0.0
        1546       0.00      0.00      0.00       0.0
        1559       0.00      0.00      0.00       0.0
        1579       0.00      0.00      0.00       0.0
        1584       0.00      0.00      0.00       0.0
        1596       0.00      0.00      0.00       0.0
        1661       0.00      0.00      0.00       1.0
        1675       0.00      0.00      0.00       0.0
        1690       0.00      0.00      0.00       0.0
        1704       0.00      0.00      0.00       1.0
        1713       0.00      0.00      0.00       1.0
        1740       0.00      0.00      0.00       0.0
        1744       0.00      0.00      0.00       0.0
        1804       0.00      0.00      0.00       0.0
        1805       0.00      0.00      0.00       0.0
        1818       0.00      0.00      0.00       0.0
        1844       0.00      0.00      0.00       1.0
        1882       0.00      0.00      0.00       1.0
        1920       0.00      0.00      0.00       1.0
        1950       0.00      0.00      0.00       0.0
        1988       0.00      0.00      0.00       0.0
        2012       0.00      0.00      0.00       0.0
        2042       0.00      0.00      0.00       0.0
        2043       0.00      0.00      0.00       1.0
        2082       0.00      0.00      0.00       1.0
        2107       0.00      0.00      0.00       0.0
        2173       0.00      0.00      0.00       0.0
        2222       0.00      0.00      0.00       0.0
        2256       0.00      0.00      0.00       1.0
        2280       0.00      0.00      0.00       0.0
        2338       0.00      0.00      0.00       1.0
        2496       0.00      0.00      0.00       0.0
        2497       0.00      0.00      0.00       1.0
        2552       0.00      0.00      0.00       1.0
        2633       0.00      0.00      0.00       0.0
        2719       0.00      0.00      0.00       0.0
        2777       0.00      0.00      0.00       0.0
        2811       0.00      0.00      0.00       1.0
        2884       0.00      0.00      0.00       0.0
        2993       0.00      0.00      0.00       1.0
        3002       0.00      0.00      0.00       0.0
        3004       0.00      0.00      0.00       1.0
        3015       0.00      0.00      0.00       1.0
        3109       0.00      0.00      0.00       0.0
        3191       0.00      0.00      0.00       0.0
        3279       0.00      0.00      0.00       1.0
        3380       0.00      0.00      0.00       0.0
        3393       0.00      0.00      0.00       0.0
        3547       0.00      0.00      0.00       1.0
        3565       0.00      0.00      0.00       1.0
        3595       0.00      0.00      0.00       1.0
        3657       0.00      0.00      0.00       1.0
        3658       0.00      0.00      0.00       1.0
        3675       0.00      0.00      0.00       0.0
        3843       0.00      0.00      0.00       1.0
        3982       0.00      0.00      0.00       1.0
        4011       0.00      0.00      0.00       1.0
        4043       0.00      0.00      0.00       0.0
        4108       0.00      0.00      0.00       1.0
        4116       0.00      0.00      0.00       0.0
        4604       0.00      0.00      0.00       1.0
        4714       0.00      0.00      0.00       1.0
        4887       0.00      0.00      0.00       0.0
        5005       0.00      0.00      0.00       0.0
        5482       0.00      0.00      0.00       0.0
        5993       0.00      0.00      0.00       1.0
        6503       0.00      0.00      0.00       1.0
        6606       0.00      0.00      0.00       0.0
        6663       0.00      0.00      0.00       0.0
        6934       0.00      0.00      0.00       1.0
        7674       0.00      0.00      0.00       0.0
        8250       0.00      0.00      0.00       0.0
        8803       0.00      0.00      0.00       1.0
        9510       0.00      0.00      0.00       1.0
       10071       0.00      0.00      0.00       0.0
       11459       0.00      0.00      0.00       1.0
       12162       0.00      0.00      0.00       0.0
       14494       0.00      0.00      0.00       1.0
       15503       0.00      0.00      0.00       1.0
       15828       0.00      0.00      0.00       1.0
       18931       0.00      0.00      0.00       1.0
       20803       0.00      0.00      0.00       0.0
       23182       0.00      0.00      0.00       0.0
       24582       0.00      0.00      0.00       1.0
       27804       0.00      0.00      0.00       1.0
       27865       0.00      0.00      0.00       0.0
       35724       0.00      0.00      0.00       0.0
       43559       0.00      0.00      0.00       1.0

    accuracy                           0.00      97.0
   macro avg       0.00      0.00      0.00      97.0
weighted avg       0.00      0.00      0.00      97.0


=== Logistic Regression ===
              precision    recall  f1-score   support

           0       0.09      1.00      0.16         2
           1       0.00      0.00      0.00         1
           3       0.00      0.00      0.00         0
           4       0.00      0.00      0.00         1
           5       0.00      0.00      0.00         1
           7       0.00      0.00      0.00         1
          13       0.00      0.00      0.00         0
          32       0.00      0.00      0.00         0
          33       0.00      0.00      0.00         1
          46       0.00      0.00      0.00         0
          54       0.00      0.00      0.00         1
          60       0.00      0.00      0.00         1
          65       0.00      0.00      0.00         0
          76       0.00      0.00      0.00         0
          93       0.00      0.00      0.00         0
         100       0.00      0.00      0.00         0
         102       0.00      0.00      0.00         1
         109       0.00      0.00      0.00         1
         124       0.00      0.00      0.00         1
         130       0.00      0.00      0.00         1
         133       0.00      0.00      0.00         1
         139       0.00      0.00      0.00         0
         147       0.00      0.00      0.00         1
         149       0.00      0.00      0.00         0
         152       0.00      0.00      0.00         0
         156       0.00      0.00      0.00         1
         167       0.00      0.00      0.00         1
         181       0.00      0.00      0.00         0
         186       0.00      0.00      0.00         0
         209       0.00      0.00      0.00         1
         210       0.00      0.00      0.00         1
         224       0.00      0.00      0.00         1
         228       0.00      0.00      0.00         1
         232       0.00      0.00      0.00         1
         247       0.00      0.00      0.00         0
         253       0.00      0.00      0.00         1
         261       0.00      0.00      0.00         0
         276       0.00      0.00      0.00         0
         281       0.00      0.00      0.00         1
         282       0.00      0.00      0.00         1
         293       0.00      0.00      0.00         0
         306       0.00      0.00      0.00         0
         320       0.00      0.00      0.00         0
         321       0.00      0.00      0.00         1
         333       0.00      0.00      0.00         1
         344       0.00      0.00      0.00         1
         359       0.00      0.00      0.00         0
         373       0.00      0.00      0.00         0
         376       0.00      0.00      0.00         0
         378       0.00      0.00      0.00         1
         394       0.00      0.00      0.00         1
         396       0.00      0.00      0.00         0
         407       0.00      0.00      0.00         0
         429       0.00      0.00      0.00         0
         431       0.00      0.00      0.00         1
         436       0.00      0.00      0.00         1
         437       0.00      0.00      0.00         1
         442       0.00      0.00      0.00         1
         449       0.00      0.00      0.00         0
         451       0.00      0.00      0.00         0
         455       0.00      0.00      0.00         0
         456       0.00      0.00      0.00         0
         462       0.00      0.00      0.00         1
         466       0.00      0.00      0.00         0
         475       0.00      0.00      0.00         0
         489       0.00      0.00      0.00         0
         490       0.00      0.00      0.00         1
         507       0.00      0.00      0.00         1
         508       0.00      0.00      0.00         0
         510       0.00      0.00      0.00         0
         521       0.00      0.00      0.00         0
         541       0.00      0.00      0.00         1
         561       0.00      0.00      0.00         0
         570       0.00      0.00      0.00         0
         580       0.00      0.00      0.00         0
         598       0.00      0.00      0.00         0
         603       0.00      0.00      0.00         0
         645       0.00      0.00      0.00         1
         690       0.00      0.00      0.00         1
         742       0.00      0.00      0.00         0
         768       0.00      0.00      0.00         0
         783       0.00      0.00      0.00         1
         797       0.00      0.00      0.00         1
         804       0.00      0.00      0.00         1
         813       0.00      0.00      0.00         2
         868       0.00      0.00      0.00         1
         869       0.00      0.00      0.00         1
         880       0.00      0.00      0.00         0
         917       0.00      0.00      0.00         1
         933       0.00      0.00      0.00         1
         936       0.00      0.00      0.00         1
         941       0.00      0.00      0.00         0
         973       0.00      0.00      0.00         1
         997       0.00      0.00      0.00         0
        1091       0.00      0.00      0.00         0
        1176       0.00      0.00      0.00         1
        1185       0.00      0.00      0.00         0
        1194       0.00      0.00      0.00         1
        1219       0.00      0.00      0.00         1
        1241       0.00      0.00      0.00         0
        1273       0.00      0.00      0.00         0
        1293       0.00      0.00      0.00         0
        1307       0.00      0.00      0.00         0
        1317       0.00      0.00      0.00         0
        1333       0.00      0.00      0.00         0
        1341       0.00      0.00      0.00         0
        1344       0.00      0.00      0.00         0
        1378       0.00      0.00      0.00         1
        1413       0.00      0.00      0.00         0
        1421       0.00      0.00      0.00         0
        1427       0.00      0.00      0.00         0
        1495       0.00      0.00      0.00         1
        1507       0.00      0.00      0.00         0
        1519       0.00      0.00      0.00         0
        1546       0.00      0.00      0.00         0
        1559       0.00      0.00      0.00         0
        1579       0.00      0.00      0.00         0
        1584       0.00      0.00      0.00         0
        1596       0.00      0.00      0.00         0
        1661       0.00      0.00      0.00         1
        1675       0.00      0.00      0.00         0
        1690       0.00      0.00      0.00         0
        1704       0.00      0.00      0.00         1
        1713       0.00      0.00      0.00         1
        1740       0.00      0.00      0.00         0
        1744       0.00      0.00      0.00         0
        1804       0.00      0.00      0.00         0
        1805       0.00      0.00      0.00         0
        1818       0.00      0.00      0.00         0
        1844       0.00      0.00      0.00         1
        1882       0.00      0.00      0.00         1
        1920       0.00      0.00      0.00         1
        1950       0.00      0.00      0.00         0
        1988       0.00      0.00      0.00         0
        2012       0.00      0.00      0.00         0
        2042       0.00      0.00      0.00         0
        2043       0.00      0.00      0.00         1
        2082       0.00      0.00      0.00         1
        2107       0.00      0.00      0.00         0
        2173       0.00      0.00      0.00         0
        2222       0.00      0.00      0.00         0
        2256       0.00      0.00      0.00         1
        2280       0.00      0.00      0.00         0
        2338       0.00      0.00      0.00         1
        2496       0.00      0.00      0.00         0
        2497       0.00      0.00      0.00         1
        2552       0.00      0.00      0.00         1
        2633       0.00      0.00      0.00         0
        2719       0.00      0.00      0.00         0
        2777       0.00      0.00      0.00         0
        2811       0.00      0.00      0.00         1
        2884       0.00      0.00      0.00         0
        2993       0.00      0.00      0.00         1
        3002       0.00      0.00      0.00         0
        3004       0.00      0.00      0.00         1
        3015       0.00      0.00      0.00         1
        3109       0.00      0.00      0.00         0
        3191       0.00      0.00      0.00         0
        3279       0.00      0.00      0.00         1
        3380       0.00      0.00      0.00         0
        3393       0.00      0.00      0.00         0
        3547       0.00      0.00      0.00         1
        3565       0.00      0.00      0.00         1
        3595       0.00      0.00      0.00         1
        3657       0.00      0.00      0.00         1
        3658       0.00      0.00      0.00         1
        3675       0.00      0.00      0.00         0
        3843       0.00      0.00      0.00         1
        3982       0.00      0.00      0.00         1
        4011       0.00      0.00      0.00         1
        4043       0.00      0.00      0.00         0
        4108       0.00      0.00      0.00         1
        4116       0.00      0.00      0.00         0
        4604       0.00      0.00      0.00         1
        4714       0.00      0.00      0.00         1
        4887       0.00      0.00      0.00         0
        5005       0.00      0.00      0.00         0
        5482       0.00      0.00      0.00         0
        5993       0.00      0.00      0.00         1
        6503       0.00      0.00      0.00         1
        6606       0.00      0.00      0.00         0
        6663       0.00      0.00      0.00         0
        6934       0.00      0.00      0.00         1
        7674       0.00      0.00      0.00         0
        8250       0.00      0.00      0.00         0
        8803       0.00      0.00      0.00         1
        9510       0.00      0.00      0.00         1
       10071       0.00      0.00      0.00         0
       11459       0.00      0.00      0.00         1
       12162       0.00      0.00      0.00         0
       14494       0.00      0.00      0.00         1
       15503       0.00      0.00      0.00         1
       15828       0.00      0.00      0.00         1
       18931       0.00      0.00      0.00         1
       20803       0.00      0.00      0.00         0
       23182       0.00      0.00      0.00         0
       24582       0.00      0.00      0.00         1
       27804       0.00      0.00      0.00         1
       27865       0.00      0.00      0.00         0
       35724       0.00      0.00      0.00         0
       43559       0.00      0.00      0.00         1

    accuracy                           0.02        97
   macro avg       0.00      0.00      0.00        97
weighted avg       0.00      0.02      0.00        97
